{"cells":[{"cell_type":"markdown","source":"## Linear Algebra Quiz #3\n\n![title](./img/3_0.jpeg)\n\nWe strongly suggest working with numpy :)","metadata":{"cell_id":"00000-825dda34-11c9-47cb-8434-f8eb26c21d13","deepnote_cell_type":"markdown"}},{"cell_type":"code","metadata":{"cell_id":"00001-54d2289c-d493-4e22-ac81-dae026b56b61","output_cleared":false,"source_hash":"1da3d087","execution_millis":2,"execution_start":1608146562512,"deepnote_cell_type":"code"},"source":"#Do your imports here\nimport numpy as np\nimport math","execution_count":3,"outputs":[]},{"cell_type":"markdown","source":"![title](./img/3_2.png)\n![title](./img/3_3.png)\nCreate a program that can output\n\n- What is the value of element c23​ of Matrix C where C=A x B ?\n- What is the value of element c23​ of Matrix C where C=B x A ?","metadata":{"cell_id":"00002-2efe1608-1eea-43d3-ae09-2426e66cae6a","deepnote_cell_type":"markdown"}},{"cell_type":"code","metadata":{"cell_id":"00003-1f1c93a9-7de5-42b8-84aa-636c637b0bef","output_cleared":false,"source_hash":"82ff6ff2","execution_millis":1,"execution_start":1608147213580,"deepnote_cell_type":"code"},"source":"# okay numpy is great but... how would you inverse a matrix by hand?\n\nA = np.array([[3,1,2],[-5,4,1],[0,3,-8]])\nB = np.array([[0,5,-1],[3,2,-1],[10,0.5,4]])\nC = np.cross(A,B)\nD = np.cross(B,A)\n\nprint(\"The cross product of A and B:\",C)\nprint()\nprint(\"The cross product of A and B:\",D)\n\n\nprint(\"the value of element c23​ of Matrix: \",C[1][2])\nprint(\"the value of element d23​ of Matrix: \",D[1][2])\nprint()\nprint()\n\ndef inv_matrix(A):\n    return np.linalg.inv(A)\nC = inv_matrix(A)\nprint(\"Inverse Matrix of A :\",C)\nprint()\n\ndef inverse_matrix(B):\n    return np.linalg.inv(B)\nD = inverse_matrix(B)\nprint(\"Inverse Matrix of B :\",D)\n\n    \n\n\n\n","execution_count":17,"outputs":[{"name":"stdout","text":"The cross product of A and B: [[-11.   3.  15.]\n [ -6.  -2. -22.]\n [ 16. -80. -30.]]\n\nThe cross product of A and B: [[ 11.  -3. -15.]\n [  6.   2.  22.]\n [-16.  80.  30.]]\nthe value of element c23​ of Matrix:  -22.0\nthe value of element d23​ of Matrix:  22.0\n\n\nInverse Matrix of A : [[ 0.2        -0.08        0.04      ]\n [ 0.22857143  0.13714286  0.07428571]\n [ 0.08571429  0.05142857 -0.09714286]]\n\nInverse Matrix of B : [[-0.09289617  0.22404372  0.03278689]\n [ 0.24043716 -0.10928962  0.03278689]\n [ 0.20218579 -0.54644809  0.16393443]]\n","output_type":"stream"}]},{"cell_type":"markdown","source":"![title](./img/3_1.png)\nCreate a program that can output\n\n- What is the value of the ijth element if i = 2 and j=3?\n- What is the value of the ijth element if i = 3 and j=1?","metadata":{"cell_id":"00004-269afc17-4aad-4c47-9b2c-76602979f1ba","deepnote_cell_type":"markdown"}},{"cell_type":"code","metadata":{"cell_id":"00005-cd1751bb-a0ea-40a1-a669-d1a26d30817a","output_cleared":false,"source_hash":"c1e0d552","execution_millis":0,"execution_start":1608069703149,"deepnote_cell_type":"code"},"source":"# Just answer using code --> easy stuff!\n\n# Harder\n# Can you build a matrix solver that can do output the result given n matrices and a sequence of operations such as [add subtract multiply transpose?]\n#Some ideas on valid operations: Multiplication Addition Subtraction Inverstion Transposed. \nA = [[3,0.6,4,-3],[-1.3,4,0,8.6],[7,0,-8,0.006]]\nB = [[3,-5.76,45,0],[2,-2,1.3,9],[-9,0,0,0]]\nC = [[0,1009,-66.7849,90],[0,5,4,-0.07],[-7.7,0,0,0]]\nX = np.add(A,B)\nD = np.subtract(X,C)\nprint(D)\nprint(D[1][2])\nprint(D[2][0])\n\n#The value of element D31​ gives an error of invalid index to scalar variable\n#print(D[3][1])","execution_count":null,"outputs":[{"name":"stdout","text":"[[ 6.000000e+00 -1.014160e+03  1.157849e+02 -9.300000e+01]\n [ 7.000000e-01 -3.000000e+00 -2.700000e+00  1.767000e+01]\n [ 5.700000e+00  0.000000e+00 -8.000000e+00  6.000000e-03]]\n-2.7\n5.7\n","output_type":"stream"}]},{"cell_type":"markdown","source":"![title](./img/3_3.png)\nCreate a program that can output\n- How many rows will C have?\n- How many columns will C have?\n- What will be the value of c13​?","metadata":{"cell_id":"00006-f13c3355-c5f8-4c8e-877d-1ca71e208714","deepnote_cell_type":"markdown"}},{"cell_type":"code","metadata":{"cell_id":"00007-e062c69a-01fd-43de-8384-70d54fa8bb30","output_cleared":false,"source_hash":"60f9016b","execution_millis":0,"execution_start":1608146923256,"deepnote_cell_type":"code"},"source":"# C will have 1 row and 3 columns\nA = [0.6,-15,2,5,98]\nB = [[2,2,-4],[9,-14,0],[13,-0.5,44],[1,9,4],[0,0,5]]\nA_Transpose = np.transpose(A)\n#B_Transpose = np.transpose(B)\nc = np.dot(A_Transpose,B)\nprint(c)\nprint(c[2])\n\n","execution_count":9,"outputs":[{"name":"stdout","text":"[-102.8  255.2  595.6]\n595.6\n","output_type":"stream"}]}],"nbformat":4,"nbformat_minor":2,"metadata":{"kernelspec":{"display_name":"Python 3","language":"python","name":"python3"},"language_info":{"codemirror_mode":{"name":"ipython","version":3},"file_extension":".py","mimetype":"text/x-python","name":"python","nbconvert_exporter":"python","pygments_lexer":"ipython3","version":"3.8.5"},"deepnote_notebook_id":"860c185b-bb0d-4933-a049-65bd94919a66","deepnote_execution_queue":[]}}